424.46563720703125 25.86489486694336
436.9147644042969 24.663185119628906
55.70519256591797 16.14182472229004
44.8608283996582 13.57490062713623
39.13326644897461 14.355628967285156
35.89760208129883 14.495067596435547
34.12865447998047 11.67221450805664
34.43720626831055 9.778313636779785
36.055171966552734 12.076373100280762
36.910091400146484 12.385115623474121
36.380332946777344 13.69947338104248
34.89186096191406 8.89219856262207
32.578521728515625 11.780265808105469
30.316242218017578 13.14204216003418
27.877033233642578 10.857311248779297
25.528820037841797 7.787623882293701
24.818845748901367 5.291581630706787
24.43474578857422 8.40302848815918
26.006221771240234 11.294366836547852
29.24244499206543 10.028572082519531
30.216814041137695 8.006508827209473
29.910106658935547 10.4922513961792
28.523054122924805 9.866823196411133
26.579999923706055 8.73771858215332
23.909271240234375 8.402419090270996
22.498279571533203 7.511784553527832
39.10239791870117 16.114315032958984
34.40087127685547 14.530633926391602
29.558086395263672 15.365310668945312
26.03234100341797 13.396514892578125
23.13787078857422 12.980337142944336
22.077272415161133 16.062931060791016
21.33473777770996 11.55433177947998
24.343570709228516 15.163097381591797
27.99532127380371 13.76663589477539
33.429962158203125 12.861198425292969
31.466079711914062 14.79285717010498
29.513334274291992 17.436317443847656
26.33469581604004 12.054977416992188
23.32233428955078 18.225027084350586
20.950786590576172 12.53750228881836
20.272409439086914 9.61719036102295
20.029504776000977 12.613561630249023
22.66391372680664 12.674731254577637
25.350561141967773 12.2900390625
28.0867862701416 16.12152862548828
28.48406410217285 13.02302074432373
26.860456466674805 13.469164848327637
24.4473934173584 18.589818954467773
21.270841598510742 16.079906463623047
19.32150650024414 15.395438194274902
18.02605628967285 11.899382591247559
18.359844207763672 10.297958374023438
19.516138076782227 14.258573532104492
23.77863883972168 11.914156913757324
26.651872634887695 15.34288215637207
26.472946166992188 12.742754936218262
25.674650192260742 14.580110549926758
23.1390438079834 11.13326644897461
20.219802856445312 8.894119262695312
18.53960418701172 14.87183952331543
17.565895080566406 14.704793930053711
17.786956787109375 13.531886100769043
18.887617111206055 11.861989974975586
22.03774070739746 17.773941040039062
24.693849563598633 16.72698211669922
25.201539993286133 13.247184753417969
24.547943115234375 11.689367294311523
22.19075584411621 13.696090698242188
19.32724952697754 13.14822006225586
17.659093856811523 15.797660827636719
16.707862854003906 12.026496887207031
16.62885284423828 10.664560317993164
17.53398895263672 8.744247436523438
21.585811614990234 12.662242889404297
23.255292892456055 13.92129898071289
24.117849349975586 13.728618621826172
24.103378295898438 14.234553337097168
20.763957977294922 13.572184562683105
18.703561782836914 12.486063003540039
16.679126739501953 13.559584617614746
16.012577056884766 16.851787567138672
15.883771896362305 14.213277816772461
16.91901206970215 16.52979278564453
19.917831420898438 8.97652816772461
22.58340072631836 14.490194320678711
23.301939010620117 8.736309051513672
22.206647872924805 17.88519287109375
19.829856872558594 12.485285758972168
17.24130630493164 8.490087509155273
15.6698579788208 13.889198303222656
15.354877471923828 15.739474296569824
15.518731117248535 20.094398498535156
16.06905174255371 11.291717529296875
19.302162170410156 12.484432220458984
21.85068702697754 14.068168640136719
22.373849868774414 14.578088760375977
21.19756317138672 11.210426330566406
19.283967971801758 10.851943969726562
17.095783233642578 10.862545013427734
15.435897827148438 11.510190963745117
14.811859130859375 10.66461181640625
14.912273406982422 9.748604774475098
15.715179443359375 9.442829132080078
18.202245712280273 16.244827270507812
21.208389282226562 14.106157302856445
22.064193725585938 10.897407531738281
20.769208908081055 10.252685546875
18.66493797302246 10.743194580078125
16.427602767944336 15.00534439086914
14.964363098144531 10.787909507751465
14.288908958435059 17.620708465576172
14.711893081665039 10.349733352661133
15.243553161621094 12.921186447143555
18.40764808654785 12.15412425994873
20.59214210510254 12.620219230651855
21.080751419067383 12.12739372253418
19.928466796875 9.54211139678955
18.38456916809082 13.75977611541748
16.074281692504883 8.499189376831055
14.442543983459473 7.915434837341309
14.112398147583008 13.444727897644043
14.12020206451416 9.636058807373047
15.131175994873047 13.580286979675293
18.139259338378906 9.73917007446289
20.56427574157715 15.623380661010742
21.008121490478516 12.895095825195312
20.163476943969727 15.357666015625
18.197710037231445 9.382514953613281
15.53632926940918 12.212804794311523
14.28159236907959 14.398520469665527
14.017000198364258 14.439001083374023
13.676935195922852 12.578097343444824
14.59194564819336 11.310248374938965
16.924291610717773 12.306245803833008
19.445016860961914 16.93106460571289
20.2159366607666 12.47865104675293
18.869441986083984 14.208295822143555
17.662817001342773 10.6297607421875
15.065377235412598 11.208234786987305
13.90898609161377 13.505736351013184
12.96507453918457 11.828666687011719
13.339886665344238 8.55812931060791
13.648184776306152 11.016134262084961
16.278608322143555 16.369380950927734
19.3106689453125 14.147872924804688
19.751550674438477 11.935354232788086
19.323944091796875 8.92530632019043
17.252256393432617 10.883443832397461
15.179418563842773 16.553508758544922
13.701905250549316 10.524593353271484
12.869484901428223 9.015814781188965
13.194470405578613 12.05863094329834
13.574984550476074 7.615187644958496
16.21824836730957 14.095006942749023
18.81005096435547 18.872955322265625
19.96215057373047 10.008223533630371
18.384159088134766 16.30970573425293
16.775678634643555 13.305976867675781
14.367191314697266 10.440186500549316
13.320688247680664 10.241844177246094
12.410054206848145 10.044411659240723
12.55542278289795 13.353986740112305
13.982659339904785 13.6082181930542
15.918709754943848 11.776213645935059
18.413362503051758 15.128653526306152
20.56241226196289 10.746633529663086
18.559371948242188 10.978747367858887
16.5336856842041 8.86155891418457
14.867132186889648 8.352981567382812
12.79998779296875 12.449106216430664
13.194914817810059 9.254652976989746
12.563863754272461 11.99743938446045
13.401023864746094 9.860136985778809
15.672769546508789 9.038654327392578
18.18890953063965 13.154327392578125
18.80309295654297 13.900590896606445
17.639083862304688 11.576563835144043
15.998431205749512 10.868422508239746
13.98374080657959 9.374747276306152
12.596485137939453 12.836698532104492
12.422389030456543 9.985774993896484
12.589788436889648 8.72502326965332
13.040678024291992 11.083945274353027
15.850332260131836 11.058066368103027
18.053062438964844 12.815699577331543
18.610254287719727 14.260902404785156
17.89887046813965 12.9586820602417
15.667070388793945 8.160676956176758
13.711322784423828 11.030364990234375
11.953564643859863 14.019862174987793
11.904255867004395 14.249483108520508
12.100156784057617 13.52170181274414
12.61510181427002 15.350835800170898
15.286375045776367 14.095617294311523
17.24765968322754 13.754226684570312
17.862119674682617 12.673152923583984
17.69169807434082 10.413226127624512
15.527093887329102 13.384093284606934
13.761746406555176 11.073225021362305
12.310762405395508 12.615904808044434
12.025256156921387 11.722674369812012
12.111075401306152 13.376524925231934
12.404909133911133 10.728350639343262
15.008500099182129 14.42834758758545
17.90129852294922 14.325057983398438
18.334884643554688 11.551615715026855
17.107112884521484 12.012182235717773
15.643630981445312 13.531843185424805
13.178197860717773 15.228960990905762
12.674408912658691 13.900126457214355
11.800202369689941 13.939781188964844
11.960530281066895 14.073362350463867
12.31619930267334 14.810529708862305
15.14265251159668 12.703081130981445
17.448667526245117 16.29983139038086
17.863327026367188 13.702552795410156
16.836605072021484 13.27380657196045
15.042022705078125 11.374811172485352
13.015959739685059 15.04444408416748
11.909482955932617 12.547335624694824
11.554692268371582 11.399408340454102
11.183480262756348 11.422114372253418
12.298314094543457 12.516772270202637
14.482645988464355 18.168292999267578
17.490333557128906 10.819727897644043
17.84524917602539 17.092479705810547
381.43353271484375 21.550832748413086
56.206871032714844 20.33855438232422
45.33664321899414 15.771624565124512
39.72495651245117 16.68383026123047
36.49153518676758 9.718924522399902
34.933921813964844 11.555562973022461
34.573280334472656 14.74224853515625
36.21061325073242 13.484512329101562
37.35734558105469 11.626014709472656
37.172950744628906 14.247800827026367
35.58942413330078 12.079352378845215
34.0954704284668 11.562032699584961
31.08848762512207 12.740191459655762
28.081933975219727 8.04991340637207
25.68718719482422 12.805233001708984
24.912353515625 11.450819969177246
25.1689510345459 8.965267181396484
26.69818687438965 7.964957237243652
29.99578857421875 9.162881851196289
30.874319076538086 10.862494468688965
30.35517692565918 10.41726016998291
29.081266403198242 8.679007530212402
27.088512420654297 10.28701114654541
24.032920837402344 6.728762626647949
22.2227783203125 10.2134428024292
36.754859924316406 19.60893440246582
34.568809509277344 14.66199779510498
30.16776466369629 11.898299217224121
25.565200805664062 13.170340538024902
22.39740562438965 16.231365203857422
21.75198745727539 11.2888822555542
21.117717742919922 11.163050651550293
22.849679946899414 15.571948051452637
27.225587844848633 11.294055938720703
32.27558517456055 17.40699005126953
30.83715057373047 14.281915664672852
30.094934463500977 16.820064544677734
26.35918426513672 10.755149841308594
23.041330337524414 15.417396545410156
20.508014678955078 15.14172649383545
19.7125301361084 15.999130249023438
19.50286865234375 13.872432708740234
21.977556228637695 18.510459899902344
25.347509384155273 14.248800277709961
27.914751052856445 13.299761772155762
28.20840835571289 22.20082664489746
26.991439819335938 17.909223556518555
23.798545837402344 8.591891288757324
20.923439025878906 18.80847930908203
18.970966339111328 12.129286766052246
17.93526840209961 17.48150634765625
18.27849578857422 14.83316421508789
367.45343017578125 25.060155868530273
396.6332702636719 23.679973602294922
56.76023483276367 16.769676208496094
45.492897033691406 16.066665649414062
40.79363250732422 11.716753005981445
36.94114303588867 10.957008361816406
35.76618194580078 11.94807243347168
35.082237243652344 13.15496826171875
36.76448059082031 10.595871925354004
37.23420333862305 13.035148620605469
36.69990921020508 10.222832679748535
35.95548629760742 11.426032066345215
33.594207763671875 13.078288078308105
31.26593017578125 9.17986011505127
28.104238510131836 10.167703628540039
26.062406539916992 11.409980773925781
25.812564849853516 7.890490531921387
24.590999603271484 11.744115829467773
26.47670555114746 10.248408317565918
29.05525016784668 9.507817268371582
30.670351028442383 8.596406936645508
30.046911239624023 10.714027404785156
28.944541931152344 10.130640983581543
26.74727439880371 9.278542518615723
24.280431747436523 11.644773483276367
22.714262008666992 8.793845176696777
35.74766540527344 18.209516525268555
37.69392776489258 23.518850326538086
33.28245162963867 14.939006805419922
28.79772186279297 17.493833541870117
25.10514259338379 18.08868980407715
23.989967346191406 19.324554443359375
24.236799240112305 15.983848571777344
25.784372329711914 12.147789001464844
28.467832565307617 12.696748733520508
30.463642120361328 17.964111328125
31.03730583190918 18.429363250732422
28.950687408447266 17.796817779541016
26.62482452392578 14.9404935836792
22.859500885009766 16.104127883911133
20.860532760620117 13.467954635620117
19.707429885864258 13.929606437683105
20.371522903442383 15.358930587768555
21.141010284423828 11.919200897216797
26.24446678161621 14.351747512817383
27.727170944213867 16.196819305419922
28.664854049682617 13.323160171508789
27.829397201538086 16.69783592224121
24.232107162475586 13.093755722045898
21.82642936706543 13.941783905029297
19.244796752929688 15.237712860107422
18.312307357788086 13.40930461883545
18.503360748291016 14.938663482666016
20.065860748291016 11.796989440917969
23.665132522583008 12.896136283874512
25.77862548828125 13.733589172363281
26.859439849853516 12.0680570602417
25.342777252197266 16.544830322265625
22.528759002685547 12.774970054626465
20.15721321105957 11.741968154907227
18.41958236694336 9.79736614227295
17.92772102355957 14.416667938232422
17.31461524963379 12.959895133972168
19.345178604125977 12.484957695007324
22.741201400756836 11.082980155944824
24.98626136779785 13.538597106933594
25.50568962097168 14.662153244018555
24.170455932617188 16.20611572265625
21.808908462524414 11.289542198181152
19.53876495361328 12.454012870788574
17.62390899658203 12.159770965576172
17.123119354248047 11.464801788330078
16.835433959960938 13.721236228942871
18.23809814453125 13.469744682312012
21.358680725097656 15.318937301635742
23.475893020629883 12.574661254882812
23.962182998657227 16.68526840209961
23.857337951660156 12.467066764831543
21.276508331298828 11.941295623779297
18.46730613708496 10.386443138122559
17.016632080078125 9.895954132080078
16.163755416870117 11.922538757324219
15.89703369140625 12.012774467468262
17.6796817779541 9.417693138122559
19.767715454101562 15.173742294311523
23.118749618530273 16.560287475585938
23.500436782836914 15.054221153259277
22.02495574951172 11.502345085144043
20.00654411315918 15.124990463256836
17.819385528564453 15.174548149108887
16.251155853271484 10.415390014648438
15.633889198303223 8.473472595214844
14.958450317382812 12.716590881347656
16.164594650268555 17.383758544921875
19.433055877685547 10.400683403015137
22.022968292236328 23.999935150146484
22.289718627929688 21.92891502380371
22.059322357177734 10.590479850769043
19.529199600219727 8.453150749206543
16.907516479492188 15.025664329528809
15.776497840881348 13.952054977416992
14.943695068359375 16.72698211669922
15.090014457702637 14.323100090026855
16.103622436523438 18.922948837280273
19.07889175415039 10.587453842163086
20.847375869750977 17.114864349365234
21.878345489501953 13.270673751831055
21.24555206298828 16.740346908569336
19.579326629638672 13.86603832244873
16.85312843322754 17.07103729248047
14.923357009887695 14.293622970581055
14.885634422302246 12.522253036499023
14.402981758117676 12.1758451461792
15.667230606079102 10.601648330688477
18.147401809692383 11.628349304199219
21.332307815551758 11.097049713134766
21.502521514892578 17.78591537475586
21.176849365234375 8.93742561340332
18.684436798095703 20.65262222290039
16.381519317626953 8.576875686645508
14.719380378723145 11.462325096130371
14.013937950134277 17.085735321044922
14.431477546691895 9.415346145629883
15.428398132324219 16.726022720336914
18.414993286132812 11.788528442382812
21.30583953857422 11.501052856445312
20.862606048583984 15.13476848602295
19.765195846557617 13.135726928710938
17.921724319458008 15.376251220703125
15.46924877166748 13.657800674438477
14.516233444213867 12.127193450927734
13.964662551879883 13.336101531982422
14.298978805541992 11.233085632324219
15.021013259887695 13.747126579284668
17.025388717651367 13.118907928466797
19.90087890625 12.839224815368652
20.930761337280273 11.184953689575195
19.60662841796875 11.473283767700195
17.618906021118164 13.265621185302734
15.899959564208984 13.332813262939453
14.10245132446289 9.313064575195312
13.657196044921875 12.949100494384766
13.711772918701172 9.13821792602539
14.395344734191895 15.535696029663086
16.981807708740234 14.651535034179688
19.798704147338867 11.898561477661133
20.41992950439453 14.810087203979492
19.6986083984375 12.641067504882812
17.119905471801758 12.651050567626953
15.22769832611084 8.764514923095703
13.94644546508789 13.300089836120605
13.617681503295898 10.23565673828125
13.648210525512695 11.576797485351562
14.749154090881348 9.151052474975586
16.436235427856445 11.223068237304688
19.529394149780273 13.931407928466797
20.117908477783203 12.708361625671387
18.817041397094727 12.601408004760742
16.84792709350586 10.915727615356445
14.659870147705078 15.38489818572998
13.77275562286377 11.69748306274414
13.291975975036621 10.344358444213867
12.993064880371094 13.072011947631836
14.096148490905762 7.952786922454834
16.514375686645508 13.527198791503906
18.9209041595459 13.719551086425781
19.346208572387695 12.629190444946289
18.088388442993164 12.543074607849121
16.256977081298828 13.158638000488281
14.532537460327148 12.749319076538086
13.013810157775879 13.710055351257324
12.317021369934082 13.356222152709961
12.539220809936523 15.547975540161133
13.662076950073242 8.62756061553955
15.795674324035645 10.217733383178711
19.161632537841797 16.764005661010742
18.98183250427246 12.584047317504883
18.233150482177734 11.76777458190918
16.120141983032227 16.863412857055664
14.447001457214355 11.404205322265625
13.338376998901367 10.02574348449707
12.478286743164062 10.899433135986328
12.9694242477417 13.008143424987793
13.514461517333984 8.27215576171875
16.06531524658203 12.68213176727295
18.304149627685547 12.095361709594727
19.423641204833984 12.045806884765625
17.535907745361328 15.47861385345459
15.91762924194336 7.67684268951416
14.338067054748535 12.540351867675781
12.805341720581055 11.737567901611328
12.368964195251465 7.189976692199707
12.230193138122559 8.036880493164062
13.138617515563965 15.606361389160156
15.70865535736084 12.443588256835938
17.9951114654541 8.237781524658203
18.98633575439453 19.47586441040039
17.41826629638672 12.669309616088867
15.786606788635254 9.95610237121582
13.812064170837402 16.55917739868164
400.2648010253906 25.045589447021484
1262.572509765625 0.0
1601.4805908203125 0.0
1152.1851806640625 0.0
105.96775817871094 0.0
734.4913330078125 28.17672348022461
71.0516357421875 13.964399337768555
55.22042465209961 14.317214965820312
48.12187194824219 15.128217697143555
44.15747833251953 10.861875534057617
43.20914077758789 11.630550384521484
43.241294860839844 10.723400115966797
42.3986701965332 11.036397933959961
41.273746490478516 10.4591064453125
39.0987663269043 10.623780250549316
37.064918518066406 8.896720886230469
34.47525405883789 8.045390129089355
31.344175338745117 10.699613571166992
28.785310745239258 7.173030853271484
27.33662986755371 6.71594762802124
26.913118362426758 9.401083946228027
26.353473663330078 7.97115421295166
27.363935470581055 8.377864837646484
29.328596115112305 7.560226917266846
29.833555221557617 9.796854019165039
29.518102645874023 8.984516143798828
28.40952491760254 8.884921073913574
26.122154235839844 6.851202011108398
23.946765899658203 7.630443572998047
21.724239349365234 8.1470308303833
674.0307006835938 33.33574676513672
74.92471313476562 18.491636276245117
58.698890686035156 12.622320175170898
50.31195068359375 13.447314262390137
46.3694953918457 13.02926254272461
44.66258239746094 11.83889389038086
44.526363372802734 11.767230987548828
43.660587310791016 10.35263442993164
41.75946044921875 12.617521286010742
39.31340026855469 10.525410652160645
37.5215950012207 7.710912704467773
34.84947204589844 8.205707550048828
31.81568717956543 8.340346336364746
28.930376052856445 8.983745574951172
27.990619659423828 7.19182825088501
26.193927764892578 7.359504699707031
26.717552185058594 9.14349365234375
27.40305519104004 8.650979995727539
29.574588775634766 8.232616424560547
30.39776611328125 8.176041603088379
29.695589065551758 7.528456211090088
28.07931900024414 9.400521278381348
26.697206497192383 6.998927593231201
24.435998916625977 8.468034744262695
22.62160873413086 5.711718559265137
800.8417358398438 33.62379455566406
75.89205169677734 17.831022262573242
59.67283248901367 15.023212432861328
854.4661865234375 33.935203552246094
78.80565643310547 20.65324592590332
61.13427734375 17.522600173950195
51.87954330444336 14.553032875061035
47.705501556396484 14.845813751220703
47.08108139038086 13.18919563293457
45.73509979248047 12.788492202758789
45.10646057128906 11.537281036376953
43.26810836791992 11.491369247436523
39.639434814453125 9.637374877929688
37.32948684692383 9.967060089111328
34.11822509765625 8.474828720092773
31.813121795654297 8.350244522094727
29.674436569213867 8.289613723754883
27.221403121948242 6.162697792053223
26.613054275512695 6.498483657836914
26.642078399658203 5.688165664672852
28.072383880615234 7.496712684631348
29.68150520324707 7.172780990600586
30.046159744262695 6.965066909790039
29.824684143066406 10.036293029785156
28.07578468322754 7.488185405731201
26.021446228027344 8.03823184967041
23.610912322998047 8.412287712097168
22.052337646484375 5.609070777893066
40.070220947265625 17.781166076660156
35.673213958740234 19.21053123474121
31.10574722290039 14.693267822265625
26.69546890258789 14.982505798339844
24.048219680786133 11.449346542358398
22.158790588378906 12.583483695983887
21.875675201416016 13.004809379577637
25.136327743530273 17.83257293701172
29.175140380859375 15.728790283203125
32.479759216308594 13.439021110534668
32.06691360473633 15.517775535583496
29.727148056030273 19.544883728027344
27.009180068969727 14.875414848327637
23.707820892333984 14.06875228881836
21.155643463134766 18.47439193725586
19.834156036376953 10.573732376098633
19.78728675842285 18.487762451171875
22.391347885131836 12.887725830078125
25.640993118286133 16.297645568847656
28.46108627319336 12.905691146850586
29.396728515625 12.444887161254883
27.620990753173828 15.98659896850586
24.928375244140625 13.069568634033203
21.60338020324707 16.108570098876953
19.1031436920166 11.871763229370117
18.667694091796875 12.317129135131836
18.150110244750977 12.873812675476074
20.418811798095703 12.763837814331055
23.39678382873535 12.27728271484375
27.648727416992188 12.970393180847168
27.218252182006836 13.412946701049805
25.439727783203125 12.659540176391602
23.55126190185547 11.894328117370605
20.6355037689209 10.081775665283203
17.85849952697754 16.920265197753906
17.131933212280273 12.33964729309082
17.519987106323242 10.422833442687988
19.023269653320312 9.625101089477539
22.077003479003906 15.174334526062012
25.357221603393555 18.795316696166992
24.833282470703125 16.518856048583984
25.117700576782227 15.105146408081055
22.40956687927246 15.289924621582031
19.748929977416992 12.222326278686523
18.051591873168945 12.148323059082031
16.17617416381836 14.547591209411621
16.42599105834961 14.104090690612793
18.18985366821289 13.404398918151855
21.336502075195312 11.62855339050293
23.85360336303711 13.1521635055542
23.9393310546875 12.92616081237793
23.308271408081055 11.231170654296875
21.4057674407959 12.423032760620117
18.197925567626953 13.990238189697266
16.58264923095703 11.195611953735352
15.762943267822266 9.933807373046875
16.128087997436523 6.653383255004883
17.246557235717773 10.243963241577148
20.550065994262695 14.519164085388184
22.411556243896484 14.112177848815918
24.13274383544922 12.207686424255371
22.16377830505371 10.536934852600098
19.47425651550293 14.329853057861328
17.456968307495117 12.080224990844727
15.63754940032959 9.527202606201172
14.887187004089355 10.832128524780273
15.263143539428711 12.677467346191406
16.49633026123047 13.740461349487305
19.098365783691406 11.793706893920898
21.272485733032227 11.981916427612305
22.3002872467041 14.409627914428711
21.93000030517578 13.029101371765137
19.54067039489746 11.730555534362793
17.042465209960938 17.939510345458984
15.207704544067383 8.702485084533691
14.986207008361816 8.80584716796875
14.76428508758545 13.640472412109375
16.386892318725586 9.094477653503418
18.564990997314453 14.284423828125
21.18107795715332 11.578761100769043
21.66033363342285 13.635290145874023
21.13943099975586 9.830078125
18.937049865722656 11.166671752929688
16.549190521240234 8.577741622924805
14.81999397277832 10.043495178222656
14.347517967224121 9.476563453674316
14.119464874267578 13.564216613769531
15.430315971374512 14.620280265808105
18.225404739379883 15.8557767868042
20.97020721435547 22.237808227539062
21.191146850585938 15.213203430175781
20.427968978881836 13.114912033081055
18.101037979125977 17.26772689819336
16.153156280517578 13.781786918640137
14.63450813293457 12.689929008483887
14.428693771362305 15.708070755004883
13.66200065612793 12.003303527832031
14.888985633850098 12.156126022338867
17.589540481567383 14.517278671264648
19.97756576538086 18.381994247436523
21.653953552246094 12.236221313476562
20.20920753479004 13.450275421142578
17.733110427856445 11.433772087097168
15.437731742858887 8.954980850219727
14.429351806640625 14.436125755310059
13.769450187683105 9.144606590270996
13.751172065734863 12.391265869140625
14.912864685058594 15.98636245727539
17.442584991455078 8.695584297180176
19.350862503051758 10.211918830871582
20.37129020690918 17.13973617553711
19.895633697509766 9.29995346069336
17.531917572021484 14.177810668945312
15.729827880859375 12.567889213562012
13.917957305908203 10.649293899536133
13.586959838867188 10.009286880493164
13.454649925231934 11.856276512145996
14.175902366638184 9.006298065185547
16.909868240356445 18.295135498046875
19.938554763793945 11.230552673339844
19.974390029907227 13.18490219116211
18.379974365234375 9.22352409362793
17.3624210357666 7.624098777770996
15.023919105529785 13.881285667419434
13.609834671020508 17.277729034423828
12.94754409790039 9.962536811828613
12.670099258422852 12.342474937438965
14.440929412841797 14.37317943572998
16.51479721069336 16.86322784423828
19.031530380249023 15.715047836303711
19.189420700073242 11.146173477172852
18.71654510498047 15.187206268310547
16.763294219970703 10.731475830078125
14.516176223754883 9.864795684814453
12.946076393127441 10.22534465789795
12.825726509094238 13.297773361206055
12.886038780212402 12.000024795532227
14.104840278625488 10.007132530212402
16.053524017333984 13.189355850219727
18.956790924072266 10.556815147399902
18.768918991088867 11.014876365661621
18.13576889038086 12.327079772949219
16.126291275024414 15.461814880371094
14.739795684814453 11.646690368652344
13.209837913513184 14.896162986755371
12.438129425048828 11.071601867675781
12.61137580871582 9.421886444091797
13.762821197509766 10.215545654296875
15.441843032836914 8.618234634399414
18.874391555786133 12.387958526611328
19.243213653564453 18.557205200195312
18.78984260559082 17.55565643310547
16.749942779541016 14.961230278015137
14.281078338623047 10.308876037597656
13.453777313232422 9.68033504486084
12.761167526245117 11.615745544433594
12.228175163269043 14.8529052734375
13.570483207702637 10.07347297668457
15.407767295837402 10.877028465270996
18.793588638305664 10.156129837036133
18.653980255126953 12.201238632202148
17.689119338989258 8.736078262329102
15.912656784057617 11.241920471191406
14.081918716430664 10.697816848754883
12.93058967590332 12.19190502166748
12.26805305480957 11.932182312011719
12.208202362060547 16.26638412475586
13.069950103759766 12.480430603027344
15.1747465133667 11.10685920715332
17.77518653869629 14.446463584899902
18.79227066040039 10.215019226074219
17.634023666381836 7.8255109786987305
15.698953628540039 17.18899917602539
13.897993087768555 12.822505950927734
12.28077220916748 10.671646118164062
12.164420127868652 12.812551498413086
12.112866401672363 9.574872970581055
13.056879043579102 11.12091064453125
15.250335693359375 13.441225051879883
17.27771759033203 9.4284086227417
18.351688385009766 11.686391830444336
17.864015579223633 11.639053344726562
15.941120147705078 10.310812950134277
13.683809280395508 9.219257354736328
12.701546669006348 11.868433952331543
12.132091522216797 10.998774528503418
11.619575500488281 12.158320426940918
12.829676628112793 14.574206352233887
15.09164047241211 12.196147918701172
17.426265716552734 11.758636474609375
17.94257354736328 13.946380615234375
16.64983367919922 12.101977348327637
15.622712135314941 12.862238883972168
13.134210586547852 10.999049186706543
11.995565414428711 10.518899917602539
11.53075885772705 11.38157844543457
11.958610534667969 14.84180736541748
12.594350814819336 11.31226921081543
15.714095115661621 9.875919342041016
16.820972442626953 10.141683578491211
17.832435607910156 18.776872634887695
16.96846580505371 11.259904861450195
15.383912086486816 13.317392349243164
13.534207344055176 13.966850280761719
11.746748924255371 13.4254789352417
11.774481773376465 16.403564453125
11.72213077545166 17.871301651000977
12.128402709960938 11.421089172363281
15.069744110107422 14.627784729003906
16.53252410888672 13.156167984008789
17.777250289916992 10.194727897644043
16.726369857788086 12.68415641784668
15.403345108032227 10.344062805175781
12.909857749938965 18.69759750366211
11.888469696044922 16.696866989135742
11.678692817687988 12.333346366882324
11.420117378234863 16.966644287109375
12.02726936340332 17.275775909423828
14.946209907531738 12.646662712097168
17.0432186126709 14.02911376953125
17.20594596862793 13.020780563354492
17.00469398498535 16.96951675415039
14.321883201599121 9.811216354370117
12.760988235473633 17.393535614013672
11.552791595458984 11.327167510986328
10.980803489685059 14.240386962890625
11.47802448272705 15.468496322631836
11.956944465637207 15.542503356933594
14.424962997436523 11.14552116394043
16.3414363861084 13.047340393066406
17.695594787597656 8.729635238647461
17.029300689697266 12.916200637817383
15.096061706542969 11.979456901550293
12.820635795593262 14.86734676361084
11.43914794921875 14.015727043151855
11.342474937438965 8.173967361450195
11.246550559997559 10.553754806518555
11.790794372558594 11.473649978637695
13.973082542419434 15.05689525604248
16.272754669189453 15.114469528198242
17.10802459716797 8.237669944763184
15.654289245605469 6.66465950012207
14.508193969726562 13.373808860778809
12.97521686553955 12.29062557220459
11.452696800231934 11.556787490844727
10.842135429382324 18.171255111694336
10.930008888244629 10.826360702514648
11.802477836608887 12.656943321228027
13.412260055541992 11.025680541992188
15.51584243774414 13.785663604736328
16.864437103271484 11.465795516967773
16.594606399536133 8.250284194946289
14.69942855834961 11.844230651855469
12.739057540893555 9.206977844238281
11.495384216308594 10.530502319335938
11.099846839904785 17.86605453491211
10.96097469329834 11.501607894897461
11.894309997558594 12.592856407165527
13.604410171508789 10.744040489196777
16.5142765045166 11.022932052612305
17.067916870117188 10.722404479980469
16.036304473876953 13.166616439819336
14.456208229064941 10.671621322631836
12.304795265197754 9.226272583007812
11.206849098205566 10.903875350952148
10.916061401367188 9.942827224731445
10.975337982177734 11.706027030944824
11.456278800964355 16.48611831665039
13.561566352844238 14.90713119506836
16.510881423950195 10.337258338928223
16.704574584960938 13.034866333007812
16.297344207763672 15.494097709655762
14.762713432312012 12.325508117675781
12.373947143554688 13.310003280639648
11.200383186340332 9.676530838012695
700.2293701171875 25.63248062133789
55.06599807739258 14.797121047973633
38.533447265625 10.592208862304688
31.431379318237305 9.899995803833008
28.595458984375 9.580427169799805
27.206035614013672 10.003915786743164
26.83727264404297 8.823163986206055
25.80605125427246 7.331462860107422
23.690967559814453 7.723514556884766
22.096160888671875 8.54530143737793
20.209476470947266 6.569112777709961
17.951383590698242 5.698768138885498
15.207588195800781 6.08872127532959
14.314628601074219 5.9844865798950195
12.27686882019043 2.903334379196167
12.043213844299316 5.183074474334717
11.539508819580078 4.4370436668396
12.727806091308594 5.021392822265625
14.62039566040039 5.945155620574951
14.951689720153809 7.135861873626709
14.522520065307617 4.0362982749938965
13.86979866027832 5.282493591308594
12.474284172058105 5.734733581542969
10.924925804138184 4.1679301261901855
9.668597221374512 5.6391682624816895
23.8034610748291 11.42894172668457
18.89374542236328 7.786999702453613
16.660194396972656 8.687759399414062
13.007149696350098 12.869140625
10.590091705322266 10.259200096130371
9.343297004699707 6.507482051849365
9.409790992736816 4.77777099609375
11.471726417541504 14.94803237915039
16.43037986755371 10.243148803710938
17.402652740478516 13.226386070251465
18.632230758666992 7.739465713500977
16.71232032775879 11.329269409179688
14.057317733764648 5.496685028076172
11.697763442993164 6.438312530517578
9.384404182434082 10.019336700439453
8.660274505615234 7.751245021820068
8.725136756896973 7.395425796508789
10.55551528930664 5.907311916351318
13.215710639953613 7.073695659637451
14.877552032470703 11.165812492370605
15.834053039550781 10.891471862792969
13.962246894836426 9.23440170288086
12.262588500976562 11.410124778747559
10.04578971862793 9.852619171142578
8.506880760192871 8.570806503295898
8.223119735717773 5.685769557952881
7.805325984954834 5.685014247894287
9.199400901794434 8.316574096679688
11.935066223144531 6.589376449584961
13.603049278259277 7.405120372772217
14.565631866455078 7.947358131408691
12.967096328735352 9.70840072631836
11.485859870910645 7.772630214691162
9.502702713012695 5.8412299156188965
8.554638862609863 5.654408931732178
7.668281078338623 6.424250602722168
7.855125904083252 6.699487209320068
8.932536125183105 9.011876106262207
11.110250473022461 10.503414154052734
12.887680053710938 4.943964004516602
13.322935104370117 9.806854248046875
12.702980041503906 6.638526916503906
10.927334785461426 10.60053539276123
9.326977729797363 3.8356852531433105
7.8708930015563965 5.803279876708984
7.327227592468262 6.709975242614746
7.420514106750488 8.209657669067383
8.049551963806152 5.432361125946045
10.704462051391602 7.4366912841796875
12.258051872253418 10.512714385986328
12.488829612731934 11.297401428222656
11.897013664245605 10.305654525756836
10.277789115905762 3.7984817028045654
8.858126640319824 6.036322593688965
7.6911749839782715 5.037027359008789
7.103712558746338 6.319328308105469
6.878705024719238 7.248953819274902
8.144136428833008 4.013289451599121
10.078126907348633 7.585904121398926
11.484284400939941 7.805014610290527
12.430740356445312 7.714755058288574
11.287859916687012 8.403735160827637
10.07319450378418 10.200448989868164
8.378581047058105 8.612497329711914
7.44209098815918 5.67355489730835
6.911045074462891 5.9228010177612305
6.797318935394287 12.194719314575195
7.665442943572998 5.973925590515137
9.665077209472656 9.116147994995117
11.053610801696777 9.155803680419922
11.90963363647461 7.345283031463623
10.724139213562012 8.6366548538208
9.63437557220459 8.53309154510498
8.615633010864258 4.00924015045166
6.994894027709961 7.071140289306641
6.899433135986328 5.536136627197266
6.596134185791016 6.1555986404418945
7.291399002075195 6.519528388977051
9.123364448547363 10.562627792358398
10.763293266296387 7.784397125244141
11.314043045043945 9.127679824829102
10.668660163879395 4.360963821411133
9.129498481750488 5.682317733764648
8.039369583129883 7.824286937713623
6.591338634490967 6.354748725891113
